20022300000
20022300001
20022300003
20022300004
20022300006
20022300007
20022300008
20022300009
20022300010
20022300011
20022300012
20022300013
20022300014
20022300015
20022300016
20022300017
20022300018
20022300020
20022300022
20022300023
20022300024
20022300025
20022300026
20022300027
20022300028
20022300029
20022300030
20022300031
20022300032
20022300034
20022300036
20022300037
20022300039
20022300040
20022300041
20022300042
20022300043
20022300044
20022300046
20022300047
20022300049
20022300050
20022300051
20022300052
20022300053
20022300054
20022300055
20022300056
20022300057
20022300058
20022300059
20022300060
20022300061
20022300063
20022300064
20022300065
20022300066
20022300067
20022300068
20022300069
20022300070
20022300071
20022300072
20022300073
20022300074
20022300075
20022300077
20022300078
20022300079
20022300081
20022300082
20022300083
20022300084
20022300085
20022300086
20022300087
20022300088
20022300089
20022300090
20022300091
20022300092
20022300093
20022300095
20022300097
20022300099
20022300100
20022300101
20022300102
20022300103
20022300104
20022300105
20022300106
20022300107
20022300108
20022300109
20022300110
20022300111
20022300112
20022300114
20022300116
20022300118
20022300119
20022300120
20022300121
20022300123
20022300124
20022300125
20022300127
20022300128
20022300129
20022300130
20022300131
20022300135
20022300136
20022300138
20022300139
20022300140
20022300142
20022300144
20022300146
20022300148
20022300149
20022300150
20022300151
20022300152
20022300153
20022300154
20022300155
20022300156
20022300158
20022300159
20022300160
20022300161
20022300162
20022300163
20022300164
20022300165
20022300166
20022300167
20022300168
20022300169
20022300170
20022300171
20022300173
20022300174
20022300175
20022300176
20022300177
20022300178
20022300179
20022300181
20022300182
20022300183
20022300184
20022300185
20022300186
20022300187
20022300188
20022300189
20022300190
20022300191
20022300192
20022300195
20022300197
20022300198
20022300199
20022300200
20022300202
20022300203
20022300204
20022300205
20022300206
20022300207
20022300208
20022300209
20022300210
20022300212
20022300213
20022300215
20022300217
20022300218
20022300219
20022300220
20022300224
20022300225
20022300227
20022300229
20022300230
20022300231
20022300234
20022300235
20022300236
20022300237
20022300238
20022300240
20022300241
20022300243
20022300244
20022300245
20022300247
20022300248
20022300249
20022300250
20022300251
20022300252
20022300253
20022300254
20022300256
20022300258
20022300259
20022300260
20022300262
20022300266
20022300268
20022300269
20022300270
20022300271
20022300272
20022300273
20022300274
20022300275
20022300276
20022300278
20022300280
20022300281
20022300282
20022300283
20022300284
20022300285
20022300286
20022300288
20022300290
20022300291
20022300293
20022300294
20022300295
20022300296
20022300297
20022300298
20022300299
20022300300
20022300301
20022300302
20022300303
20022300304
20022300305
20022300306
20022300309
20022300310
20022300311
20022300314
20022300315
20022300316
20022300317
20022300318
20022300319
20022300320
20022300321
20022300322
20022300324
20022300325
20022300326
20022300327
20022300329
20022300330
20022300331
20022300332
20022300333
20022300334
20022300335
20022300336
20022300337
20022300338
20022300339
20022300340
20022300341
20022300343
20022300344
20022300345
20022300346
20022300347
20022300350
20022300351
20022300352
20022300353
20022300354
20022300355
20022300356
20022300357
20022300358
20022300360
20022300361
20022300362
20022300363
20022300364
20022300365
20022300366
20022300368
20022300370
20022300371
20022300372
20022300373
20022300374
20022300375
20022300377
20022300378
20022300380
20022300381
20022300382
20022300384
20022300385
20022300386
20022300387
20022300390
20022300391
20022300393
20022300394
20022300396
20022300397
20022300398
20022300399
20022300400
20022300401
20022300404
20022300405
20022300406
20022300407
20022300408
20022300409
20022300410
20022300411
20022300412
20022300414
20022300415
20022300417
20022300418
20022300419
20022300420
20022300421
20022300422
20022300423
20022300424
20022300427
20022300428
20022300432
20022300433
20022300437
20022300439
20022300440
20022300441
20022300443
20022300444
20022300445
20022300446
20022300447
20022300448
20022300449
20022300450
20022300451
20022300452
20022300453
20022300454
20022300455
20022300456
20022300457
20022300458
20022300459
20022300460
20022300461
20022300462
20022300463
20022300464
20022300465
20022300467
20022300468
20022300472
20022300474
20022300475
20022300476
20022300477
20022300478
20022300479
20022300480
20022300481
20022300482
20022300483
20022300484
20022300485
20022300486
20022300487
20022300488
20022300489
20022300490
20022300491
20022300492
20022300495
20022300496
20022300497
20022300498
20022300499
20022300500
20022300501
20022300502
20022300503
20022300505
20022300506
20022300508
20022300509
20022300510
20022300511
20022300513
20022300514
20022300515
20022300516
20022300517
20022300519
20022300521
20022300522
20022300524
20022300525
20022300527
20022300528
20022300531
20022300532
20022300533
20022300534
20022300535
20022300537
20022300538
20022300539
20022300540
20022300541
20022300542
20022300543
20022300544
20022300545
20022300547
20022300548
20022300549
20022300552
20022300553
20022300554
20022300555
20022300556
20022300558
20022300559
20022300561
20022300562
20022300563
20022300564
20022300565
20022300566
20022300567
20022300568
20022300569
20022300570
20022300571
20022300572
20022300573
20022300574
20022300576
20022300577
20022300579
20022300580
20022300581
20022300582
20022300583
20022300584
20022300585
20022300586
20022300588
20022300589
20022300591
20022300592
20022300595
20022300597
20022300598
20022300599
20022300601
20022300604
20022300605
20022300606
20022300607
20022300608
20022300609
20022300611
20022300612
20022300613
20022300614
20022300615
20022300616
20022300618
20022300619
20022300621
20022300622
20022300623
20022300624
20022300625
20022300626
20022300628
20022300629
20022300632
20022300633
20022300634
20022300635
20022300636
20022300637
20022300638
20022300639
20022300640
20022300641
20022300642
20022300644
20022300646
20022300647
20022300648
20022300649
20022300651
20022300653
20022300656
20022300658
20022300659
20022300660
20022300661
20022300662
20022300663
20022300664
20022300665
20022300666
20022300667
20022300670
20022300671
20022300673
20022300674
20022300675
20022300676
20022300679
20022300680
20022300681
20022300684
20022300685
20022300687
20022300688
20022300689
20022300690
20022300691
20022300692
20022300693
20022300695
20022300696
20022300697
20022300698
20022300699
20022300700
20022300702
20022300703
20022300705
20022300707
20022300708
20022300709
20022300710
20022300711
20022300712
20022300713
20022300714
20022300717
20022300719
20022300720
20022300721
20022300722
20022300723
20022300724
20022300725
20022300727
20022300728
20022300729
20022300731
20022300733
20022300734
20022300735
20022300736
20022300737
20022300740
20022300741
20022300743
20022300744
20022300746
20022300747
20022300748
20022300749
20022300750
20022300751
20022300752
20022300753
20022300754
20022300755
20022300756
20022300758
20022300761
20022300762
20022300763
20022300764
20022300765
20022300767
20022300768
20022300770
20022300771
20022300772
20022300773
20022300774
20022300775
20022300777
20022300779
20022300780
20022300781
20022300782
20022300783
20022300784
20022300785
20022300787
20022300788
20022300789
20022300790
20022300792
20022300793
20022300794
20022300795
20022300796
20022300797
20022300798
20022300799
20022300801
20022300803
20022300804
20022300805
20022300806
20022300807
20022300808
20022300809
20022300811
20022300813
20022300814
20022300815
20022300816
20022300817
20022300818
20022300819
20022300820
20022300821
20022300822
20022300825
20022300826
20022300827
20022300828
20022300829
20022300831
20022300834
20022300835
20022300836
20022300837
20022300838
20022300839
20022300840
20022300841
20022300843
20022300845
20022300846
20022300847
20022300848
20022300849
20022300853
20022300854
20022300855
20022300856
20022300857
20022300858
20022300859
20022300860
20022300861
20022300862
20022300863
20022300864
20022300865
20022300866
20022300867
20022300868
20022300870
20022300873
20022300874
20022300875
20022300876
20022300877
20022300878
20022300879
20022300881
20022300882
20022300884
20022300885
20022300886
20022300888
20022300890
20022300891
20022300892
20022300894
20022300895
20022300896
20022300897
20022300898
20022300899
20022300900
20022300901
20022300903
20022300904
20022300905
20022300906
20022300907
20022300909
20022300910
20022300912
20022300913
20022300915
20022300916
20022300917
20022300919
20022300920
20022300921
20022300922
20022300923
20022300925
20022300926
20022300929
20022300930
20022300931
20022300932
20022300933
20022300935
20022300936
20022300937
20022300938
20022300940
20022300942
20022300943
20022300944
20022300945
20022300948
20022300949
20022300950
20022300951
20022300952
20022300953
20022300954
20022300955
20022300956
20022300958
20022300959
20022300962
20022300964
20022300965
20022300967
20022300968
20022300969
20022300970
20022300971
20022300972
20022300973
20022300974
20022300975
20022300976
20022300978
20022300979
20022300980
20022300981
20022300983
20022300984
20022300985
20022300986
20022300989
20022300990
20022300991
20022300992
20022300993
20022300995
20022300996
20022300998
20022300999
20022301000
20022301001
20022301003
20022301004
20022301005
20022301007
20022301008
20022301009
20022301010
20022301011
20022301012
20022301013
20022301014
20022301015
20022301016
20022301019
20022301020
20022301021
20022301022
20022301023
20022301024
20022301026
20022301027
20022301028
20022301029
20022301030
20022301031
20022301032
20022301033
20022301034
20022301037
20022301038
20022301040
20022301041
20022301042
20022301043
20022301044
20022301045
20022301046
20022301047
20022301048
20022301049
20022301050
20022301052
20022301053
20022301054
20022301055
20022301056
20022301057
20022301058
20022301059
20022301060
20022301061
20022301062
20022301063
20022301064
20022301065
20022301066
20022301067
20022301068
20022301069
20022301070
20022301071
20022301072
20022301073
20022301075
20022301076
20022301078
20022301079
20022301080
20022301081
20022301082
20022301083
20022301084
20022301085
20022301087
20022301090
20022301093
20022301095
20022301097
20022301098
20022301099
20022301100
20022301101
20022301102
20022301103
20022301104
20022301105
20022301106
20022301108
20022301109
20022301112
20022301113
20022301115
20022301116
20022301117
20022301118
20022301119
20022301120
20022301121
20022301122
20022301123
20022301124
20022301125
20022301126
20022301128
20022301129
20022301130
20022301131
20022301132
20022301133
20022301134
20022301135
20022301136
20022301137
20022301138
20022301139
20022301140
20022301141
20022301142
20022301143
20022301144
20022301146
20022301147
20022301148
20022301149
20022301150
20022301153
20022301154
20022301155
20022301157
20022301158
20022301159
20022301160
20022301161
20022301162
20022301163
20022301164
20022301166
20022301167
20022301168
20022301170
20022301171
20022301172
20022301174
20022301175
20022301176
20022301177
20022301178
20022301180
20022301182
20022301184
20022301185
20022301186
20022301187
20022301188
20022301189
20022301190
20022301191
20022301192
20022301193
20022301194
20022301195
20022301196
20022301198
20022301199
20022301200
20022301201
20022301202
20022301203
20022301204
20022301205
20022301207
20022301208
20022301210
20022301211
20022301212
20022301213
20022301214
20022301215
20022301216
20022301217
20022301218
20022301219
20022301220
20022301221
20022301222
20022301223
20022301225
20022301226
20022301227
20022301228
20022301229
20022301230
20022301231
20022301232
20022301233
20022301235
20022301236
20022301238
20022301239
20022301240
20022301241
20022301243
20022301244
20022301247
20022301248
20022301249
20022301251
20022301252
20022301253
20022301255
20022301256
20022301257
20022301258
20022301259
20022301260
20022301261
20022301263
20022301264
20022301265
20022301266
20022301269
20022301270
20022301271
20022301273
20022301278
20022301279
20022301280
20022301281
20022301282
20022301283
20022301284
20022301285
20022301286
20022301287
20022301289
20022301290
20022301291
20022301292
20022301293
20022301294
20022301295
20022301296
20022301299
20022301300
20022301301
20022301302
20022301303
20022301304
20022301305
20022301306
20022301307
20022301310
20022301311
20022301312
20022301313
20022301314
20022301315
20022301316
20022301317
20022301319
20022301320
20022301321
20022301324
20022301328
20022301329
20022301330
20022301332
20022301333
20022301335
20022301336
20022301337
20022301341
20022301342
20022301343
20022301344
20022301345
20022301347
20022301348
20022301349
20022301350
20022301352
20022301353
20022301354
20022301355
20022301356
20022301357
20022301358
20022301359
20022301360
20022301361
20022301362
20022301363
20022301364
20022301365
20022301366
20022301367
20022301368
20022301369
20022301370
20022301371
20022301372
20022301373
20022301374
20022301376
20022301377
20022301378
20022301380
20022301381
20022301382
20022301383
20022301384
20022301388
20022301390
20022301391
20022301392
20022301395
20022301396
20022301397
20022301398
20022301399
20022301400
20022301401
20022301402
20022301403
20022301404
20022301406
20022301407
20022301408
20022301409
20022301410
20022301411
20022301412
20022301413
20022301414
20022301415
20022301416
20022301417
20022301418
20022301419
20022301420
20022301421
20022301422
20022301423
20022301426
20022301427
20022301428
20022301429
20022301430
20022301431
20022301432
20022301433
20022301434
20022301435
20022301436
20022301437
20022301438
20022301439
20022301440
20022301441
20022301442
20022301443
20022301444
20022301445
20022301446
20022301447
20022301448
20022301449
20022301450
20022301451
20022301452
20022301454
20022301455
20022301456
20022301457
20022301458
20022301459
20022301460
20022301461
20022301462
20022301463
20022301465
20022301466
20022301467
20022301468
20022301470
20022301471
20022301472
20022301473
20022301474
20022301475
20022301476
20022301477
20022301479
20022301480
20022301481
20022301482
20022301483
20022301484
20022301485
20022301486
20022301487
20022301489
20022301490
20022301491
20022301492
20022301495
20022301496
20022301497
20022301499
20022301500
20022301502
20022301503
20022301504
20022301505
20022301506
20022301507
20022301508
20022301509
20022301510
20022301512
20022301513
20022301514
20022301515
20022301516
20022301517
20022301518
20022301520
20022301523
20022301524
20022301525
20022301526
20022301528
20022301529
20022301530
20022301531
20022301532
20022301533
20022301534
20022301535
20022301536
20022301537
20022301539
20022301542
20022301543
20022301545
20022301546
20022301547
20022301548
20022301549
20022301552
20022301554
20022301555
20022301556
20022301558
20022301559
20022301560
20022301561
20022301563
20022301565
20022301567
20022301569
20022301571
20022301572
20022301573
20022301574
20022301575
20022301576
20022301577
20022301578
20022301580
20022301581
20022301582
20022301583
20022301584
20022301585
20022301586
20022301587
20022301588
20022301589
20022301590
20022301591
20022301592
20022301593
20022301594
20022301595
20022301596
20022301597
20022301598
20022301600
20022301601
20022301602
20022301603
20022301605
20022301606
20022301607
20022301608
20022301609
20022301610
20022301611
20022301612
20022301614
20022301615
20022301616
20022301617
20022301618
20022301619
20022301620
20022301621
20022301622
20022301623
20022301625
20022301628
20022301629
20022301630
20022301631
20022301632
20022301634
20022301636
20022301637
20022301638
20022301640
20022301642
20022301643
20022301644
20022301646
20022301648
20022301649
20022301650
20022301651
20022301652
20022301653
20022301654
20022301656
20022301657
20022301658
20022301659
20022301661
20022301662
20022301663
20022301664
20022301665
20022301666
20022301667
20022301668
20022301669
20022301671
20022301672
20022301673
20022301674
20022301675
20022301676
20022301677
20022301678
20022301680
20022301683
20022301685
20022301686
20022301687
20022301689
20022301691
20022301692
20022301693
20022301694
20022301695
20022301697
20022301698
20022301699
20022301701
20022301702
20022301703
20022301704
20022301705
20022301706
20022301707
20022301708
20022301709
20022301710
20022301712
20022301713
20022301715
20022301716
20022301719
20022301720
20022301721
20022301723
20022301724
20022301725
20022301726
20022301727
20022301728
20022301729
20022301730
20022301731
20022301732
20022301733
20022301734
20022301736
20022301737
20022301738
20022301739
20022301740
20022301741
20022301742
20022301744
20022301745
20022301746
20022301747
20022301748
20022301749
20022301750
20022301751
20022301754
20022301755
20022301756
20022301757
20022301758
20022301759
20022301761
20022301762
20022301763
20022301765
20022301766
20022301767
20022301768
20022301769
20022301770
20022301771
20022301772
20022301773
20022301774
20022301775
20022301776
20022301777
20022301778
20022301780
20022301781
20022301782
20022301783
20022301784
20022301785
20022301788
20022301789
20022301790
20022301791
20022301792
20022301793
20022301794
20022301795
20022301796
20022301798
20022301799
20022301800
20022301801
20022301802
20022301803
20022301804
20022301805
20022301806
20022301807
20022301808
20022301809
20022301810
20022301811
20022301813
20022301814
20022301815
20022301817
20022301819
20022301820
20022301821
20022301822
20022301824
20022301825
20022301826
20022301827
20022301830
20022301831
20022301832
20022301833
20022301834
20022301836
20022301837
20022301839
20022301840
20022301841
20022301842
20022301843
20022301845
20022301846
20022301847
20022301850
20022301851
20022301852
20022301854
20022301855
20022301856
20022301857
20022301859
20022301860
20022301861
20022301862
20022301863
20022301864
20022301865
20022301866
20022301867
20022301868
20022301869
20022301871
20022301872
20022301873
20022301874
20022301875
20022301877
20022301878
20022301879
20022301880
20022301881
20022301882
20022301883
20022301884
20022301885
20022301886
20022301888
20022301889
20022301890
20022301891
20022301892
20022301893
20022301894
20022301895
20022301896
20022301897
20022301898
20022301899
20022301900
20022301901
20022301903
20022301904
20022301906
20022301907
20022301908
20022301909
20022301910
20022301912
20022301914
20022301915
20022301916
20022301917
20022301919
20022301920
20022301922
20022301923
20022301924
20022301926
20022301928
20022301929
20022301930
20022301931
20022301932
20022301935
20022301936
20022301937
20022301938
20022301939
20022301942
20022301943
20022301944
20022301945
20022301946
20022301947
20022301948
20022301949
20022301950
20022301951
20022301952
20022301953
20022301954
20022301955
20022301957
20022301958
20022301959
20022301961
20022301963
20022301964
20022301965
20022301966
20022301967
20022301969
20022301970
20022301972
20022301973
20022301975
20022301976
20022301978
20022301979
20022301980
20022301981
20022301982
20022301983
20022301984
20022301986
20022301987
20022301988
20022301989
20022301990
20022301991
20022301993
20022301994
20022301995
20022301996
20022301997
20022301998
20022302000
20022302001
20022302002
20022302006
20022302007
20022302008
20022302010
20022302011
20022302012
20022302013
20022302014
20022302015
20022302016
20022302017
20022302018
20022302019
20022302020
20022302021
20022302022
20022302023
20022302024
20022302026
20022302027
20022302028
20022302029
20022302030
20022302031
20022302032
20022302033
20022302034
20022302035
20022302039
20022302041
20022302043
20022302044
20022302045
20022302047
20022302048
20022302049
20022302050
20022302051
20022302052
20022302054
20022302055
20022302056
20022302057
20022302059
20022302061
20022302062
20022302063
20022302064
20022302065
20022302066
20022302067
20022302068
20022302069
20022302071
20022302072
20022302073
20022302074
20022302075
20022302076
20022302077
20022302078
20022302079
20022302080
20022302081
20022302083
20022302084
20022302086
20022302087
20022302088
20022302089
20022302090
20022302091
20022302092
20022302093
20022302094
20022302095
20022302096
20022302097
20022302098
20022302099
20022302100
20022302101
20022302102
20022302103
20022302104
20022302105
20022302106
20022302107
20022302108
20022302111
20022302112
20022302113
20022302114
20022302115
20022302116
20022302118
20022302119
20022302120
20022302121
20022302122
20022302124
20022302126
20022302127
20022302128
20022302129
20022302130
20022302131
20022302132
20022302133
20022302134
20022302136
20022302137
20022302139
20022302142
20022302143
20022302145
20022302146
20022302147
20022302148
20022302149
20022302151
20022302156
20022302157
20022302158
20022302159
20022302160
20022302161
20022302162
20022302163
20022302165
20022302166
20022302168
20022302169
20022302170
20022302171
20022302172
20022302173
20022302175
20022302176
20022302177
20022302179
20022302180
20022302182
20022302184
20022302185
20022302186
20022302187
20022302188
20022302189
20022302190
20022302191
20022302192
20022302194
20022302196
20022302197
20022302199
20022302200
20022302202
20022302203
20022302204
20022302205
20022302206
20022302207
20022302208
20022302209
20022302210
20022302211
20022302213
20022302214
20022302215
20022302216
20022302217
20022302218
20022302219
20022302220
20022302221
20022302222
20022302224
20022302225
20022302226
20022302227
20022302228
20022302229
20022302231
20022302232
20022302233
20022302234
20022302235
20022302236
20022302237
20022302238
20022302239
20022302241
20022302243
20022302244
20022302245
20022302247
20022302248
20022302250
20022302251
20022302253
20022302254
20022302255
20022302258
20022302260
20022302261
20022302262
20022302263
20022302264
20022302265
20022302266
20022302269
20022302270
20022302271
20022302273
20022302274
20022302275
20022302276
20022302277
20022302278
20022302280
20022302281
20022302282
20022302284
20022302285
20022302286
20022302287
20022302288
20022302289
20022302290
20022302291
20022302293
20022302294
20022302295
20022302297
20022302298
20022302299
20022302300
20022302301
20022302302
20022302303
20022302306
20022302307
20022302308
20022302309
20022302310
20022302311
20022302312
20022302313
20022302314
20022302315
20022302316
20022302317
20022302318
20022302319
20022302320
20022302321
20022302322
20022302323
20022302325
20022302326
20022302327
20022302328
20022302330
20022302331
20022302332
20022302333
20022302334
20022302335
20022302336
20022302337
20022302338
20022302339
20022302341
20022302342
20022302343
20022302344
20022302345
20022302347
20022302348
20022302349
20022302350
20022302352
20022302353
20022302354
20022302355
20022302356
20022302358
20022302359
20022302360
20022302361
20022302362
20022302363
20022302364
20022302365
20022302366
20022302367
20022302368
20022302369
20022302370
20022302371
20022302372
20022302373
20022302376
20022302377
20022302378
20022302380
20022302381
20022302382
20022302383
20022302384
20022302386
20022302387
20022302388
20022302390
20022302391
20022302392
20022302393
20022302394
20022302395
20022302396
20022302397
20022302398
20022302399
20022302400
20022302401
20022302402
20022302403
20022302404
20022302405
20022302406
20022302407
20022302408
20022302409
20022302411
20022302412
20022302413
20022302415
20022302417
20022302418
20022302419
20022302420
20022302421
20022302422
20022302423
20022302426
20022302427
20022302428
20022302429
20022302431
20022302433
20022302435
20022302436
20022302437
20022302439
20022302441
20022302442
20022302443
20022302444
20022302445
20022302446
20022302447
20022302448
20022302449
20022302450
20022302451
20022302452
20022302453
20022302455
20022302456
20022302457
20022302459
20022302460
20022302461
20022302462
20022302463
20022302464
20022302465
20022302467
20022302468
20022302469
20022302470
20022302471
20022302472
20022302473
20022302474
20022302478
20022302479
20022302482
20022302484
20022302485
20022302486
20022302488
20022302489
20022302491
20022302492
20022302493
20022302495
20022302496
20022302498
20022302499
20022302500
20022302502
20022302503
20022302505
20022302506
20022302507
20022302509
20022302510
20022302511
20022302512
20022302513
20022302514
20022302515
20022302516
20022302517
20022302520
20022302521
20022302522
20022302523
20022302524
20022302525
20022302526
20022302527
20022302528
20022302529
20022302530
20022302531
20022302532
20022302533
20022302534
20022302535
20022302536
20022302537
20022302538
20022302539
20022302540
20022302542
20022302543
20022302544
20022302546
20022302547
20022302548
20022302549
20022302552
20022302553
20022302556
20022302558
20022302559
20022302560
20022302561
20022302563
20022302564
20022302565
20022302567
20022302568
20022302569
20022302571
20022302572
20022302573
20022302574
20022302575
20022302578
20022302579
20022302581
20022302582
20022302584
20022302585
20022302586
20022302587
20022302588
20022302589
20022302590
20022302591
20022302592
20022302593
20022302594
20022302595
20022302596
20022302597
20022302599
20022302600
20022302601
20022302602
20022302603
20022302605
20022302606
20022302607
20022302608
20022302609
20022302610
20022302611
20022302612
20022302614
20022302615
20022302617
20022302618
20022302620
20022302621
20022302622
20022302624
20022302626
20022302627
20022302628
20022302629
20022302630
20022302632
20022302633
20022302634
20022302635
20022302636
20022302638
20022302640
20022302641
20022302642
20022302645
20022302646
20022302647
20022302649
20022302651
20022302652
20022302653
20022302654
20022302655
20022302656
20022302658
20022302659
20022302660
20022302661
20022302662
20022302663
20022302664
20022302665
20022302666
20022302667
20022302668
20022302669
20022302671
20022302672
20022302673
20022302675
20022302676
20022302677
20022302678
20022302679
20022302680
20022302681
20022302682
20022302683
20022302685
20022302686
20022302689
20022302690
20022302691
20022302692
20022302693
20022302694
20022302698
20022302699
20022302700
20022302701
20022302703
20022302704
20022302705
20022302706
20022302707
20022302710
20022302711
20022302712
20022302713
20022302714
20022302715
20022302716
20022302718
20022302719
20022302722
20022302723
20022302724
20022302725
20022302726
20022302727
20022302728
20022302729
20022302730
20022302731
20022302732
20022302734
20022302736
20022302737
20022302738
20022302739
20022302740
20022302742
20022302743
20022302744
20022302745
20022302746
20022302747
20022302749
20022302750
20022302751
20022302752
20022302753
20022302754
20022302755
20022302756
20022302757
20022302758
20022302759
20022302760
20022302761
20022302762
20022302763
20022302764
20022302767
20022302768
20022302769
20022302770
20022302773
20022302774
20022302775
20022302776
20022302777
20022302778
20022302779
20022302780
20022302781
20022302782
20022302783
20022302785
20022302787
20022302789
20022302792
20022302793
20022302794
20022302795
20022302796
20022302797
20022302798
20022302799
20022302800
20022302801
20022302802
20022302803
20022302804
20022302806
20022302807
20022302808
20022302809
20022302810
20022302811
20022302812
20022302813
20022302814
20022302816
20022302817
20022302818
20022302819
20022302820
20022302822
20022302824
20022302825
20022302826
20022302827
20022302829
20022302830
20022302833
20022302834
20022302835
20022302836
20022302837
20022302838
20022302839
20022302840
20022302841
20022302842
20022302843
20022302844
20022302845
20022302847
20022302849
20022302850
20022302851
20022302852
20022302853
20022302854
20022302856
20022302857
20022302858
20022302859
20022302860
20022302861
20022302863
20022302864
20022302866
20022302867
20022302868
20022302871
20022302872
20022302873
20022302874
20022302875
20022302876
20022302877
20022302878
20022302879
20022302881
20022302883
20022302884
20022302887
20022302888
20022302889
20022302891
20022302892
20022302894
20022302895
20022302896
20022302898
20022302899
20022302900
20022302905
20022302906
20022302907
20022302908
20022302909
20022302910
20022302911
20022302912
20022302915
20022302916
20022302917
20022302918
20022302920
20022302921
20022302923
20022302924
20022302925
20022302926
20022302927
20022302928
20022302929
20022302930
20022302932
20022302933
20022302934
20022302935
20022302936
20022302939
20022302940
20022302941
20022302942
20022302943
20022302944
20022302945
20022302946
20022302947
20022302948
20022302949
20022302950
20022302951
20022302952
20022302953
20022302954
20022302955
20022302956
20022302957
20022302959
20022302960
20022302961
20022302963
20022302965
20022302966
20022302967
20022302968
20022302969
20022302970
20022302971
20022302972
20022302975
20022302976
20022302977
20022302978
20022302979
20022302980
20022302981
20022302982
20022302983
20022302984
20022302985
20022302987
20022302988
20022302989
20022302990
20022302992
20022302995
20022302997
20022302998
20022302999
20022303000
20022303001
20022303002
