fire 0.58 703 247 733 333
fire 0.63 0 291 8 310
fire 0.77 11 381 24 395
fire 0.81 725 425 737 435
fire 0.82 689 349 722 375
fire 0.84 519 288 650 377
fire 0.87 166 328 172 338
fire 0.94 64 370 77 409
fire 0.94 242 308 302 371
fire 0.95 866 97 943 235
fire 0.95 657 237 679 285
fire 0.95 157 94 207 155
fire 0.96 137 370 161 392
fire 0.98 46 149 123 235
fire 0.98 113 247 176 305
fire 0.98 766 172 819 216
fire 0.99 243 219 283 281
fire 0.99 411 125 508 451
fire 0.99 529 120 625 206
fire 0.99 691 175 709 224
smoke 0.31 361 0 905 461
smoke 0.37 71 0 692 484
