fire 0.63 192 109 207 124
fire 0.68 514 298 657 404
fire 0.77 0 305 14 326
fire 0.82 20 396 34 410
fire 0.85 657 253 688 335
fire 0.87 417 144 513 433
fire 0.88 79 391 96 421
fire 0.89 247 331 303 394
fire 0.89 846 196 853 211
fire 0.92 170 151 194 173
fire 0.93 142 386 166 406
fire 0.94 125 265 183 324
fire 0.95 536 153 637 226
fire 0.96 826 348 905 419
fire 0.98 702 273 741 388
fire 0.98 53 159 134 253
fire 0.98 342 288 424 371
fire 0.99 250 236 295 291
fire 0.99 696 186 714 238
fire 1.00 774 187 835 319
smoke 0.84 335 0 934 458
