fire 0.38 0 253 57 405
fire 0.39 70 165 101 197
fire 0.41 3 455 116 531
fire 0.46 511 213 522 226
fire 0.47 199 514 242 542
fire 0.57 113 164 147 187
fire 0.59 240 300 390 353
fire 0.73 511 358 582 384
fire 0.74 130 369 288 413
fire 0.77 292 377 330 401
fire 0.77 544 265 556 275
fire 0.79 467 254 504 268
fire 0.87 287 200 454 282
fire 0.91 186 158 211 172
fire 0.92 210 140 285 318
fire 0.93 61 266 128 396
fire 0.95 115 223 204 306
fire 0.97 359 371 516 441
fire 0.99 467 178 505 197
smoke 0.99 5 13 557 409
