fire 0.56 851 118 927 243
fire 0.58 28 343 40 356
fire 0.66 14 362 21 369
fire 0.75 894 309 917 325
fire 0.75 411 158 486 341
fire 0.81 449 394 472 415
fire 0.84 825 197 833 211
fire 0.85 784 292 792 305
fire 0.86 823 368 851 387
fire 0.87 190 338 199 351
fire 0.93 869 363 886 377
fire 0.93 323 270 352 354
fire 0.94 185 366 210 386
fire 0.98 225 336 288 389
fire 0.99 31 168 99 245
fire 0.99 38 410 51 423
fire 0.99 491 308 577 406
fire 0.99 224 236 260 297
fire 1.00 757 187 817 286
fire 1.00 677 191 695 241
smoke 0.41 332 0 938 436
smoke 0.68 11 0 648 442
