fire 0.30 848 371 904 389
fire 0.42 241 183 252 204
fire 0.45 783 193 842 316
fire 0.56 151 255 162 267
fire 0.61 869 113 955 357
fire 0.66 547 370 577 393
fire 0.76 29 159 141 272
fire 0.78 232 249 270 300
fire 0.79 501 320 552 358
fire 0.81 558 318 586 335
fire 0.88 803 288 825 336
fire 0.89 251 341 276 375
fire 0.89 371 165 500 339
fire 0.92 160 275 215 311
fire 0.97 297 163 355 210
fire 0.97 592 321 642 360
fire 0.99 543 153 638 226
fire 1.00 698 193 714 253
fire 1.00 408 369 463 430
smoke 0.94 15 0 639 456
