fire 0.33 486 168 496 194
fire 0.40 107 77 224 336
fire 0.42 185 501 208 540
fire 0.42 29 305 88 379
fire 0.45 525 189 534 205
fire 0.45 649 433 670 475
fire 0.48 558 161 570 185
fire 0.56 304 106 430 177
fire 0.57 751 60 872 200
fire 0.72 479 219 495 270
fire 0.75 757 521 778 541
fire 0.88 255 145 304 181
fire 0.89 546 266 568 280
fire 0.92 320 295 371 358
fire 0.93 517 149 536 182
fire 0.93 287 405 442 505
fire 0.94 541 222 558 235
fire 0.96 24 460 64 530
fire 0.97 603 162 639 191
fire 0.98 0 35 230 338
smoke 0.51 1 0 558 475
