fire 0.31 5 188 116 268
fire 0.38 314 240 324 261
fire 0.39 24 371 30 379
fire 0.44 203 383 214 392
fire 0.68 382 175 511 342
fire 0.87 453 398 488 432
fire 0.90 548 159 645 240
fire 0.91 14 276 249 333
fire 0.91 38 351 50 363
fire 0.93 719 289 748 335
fire 0.96 881 120 957 263
fire 0.96 240 360 296 389
fire 0.98 241 248 275 302
fire 0.98 54 420 63 430
fire 0.98 507 305 660 404
fire 0.98 667 261 690 313
fire 0.99 709 381 736 404
fire 0.99 781 202 843 239
fire 0.99 705 197 723 257
smoke 0.43 353 0 919 450
smoke 0.84 72 0 682 479
