fire 0.64 0 405 15 420
fire 0.65 32 367 37 374
fire 0.74 42 152 182 331
fire 0.76 883 100 955 304
fire 0.77 45 347 59 360
fire 0.81 205 375 227 390
fire 0.81 716 379 742 394
fire 0.82 677 256 692 308
fire 0.84 310 149 506 333
fire 0.89 57 416 72 428
fire 0.89 181 268 232 315
fire 0.90 851 368 930 398
fire 0.95 717 308 753 330
fire 0.96 821 318 831 335
fire 0.97 256 332 313 392
fire 0.98 785 195 852 306
fire 0.98 710 191 727 250
fire 0.98 543 147 636 231
fire 0.99 244 244 292 304
fire 1.00 580 309 673 403
smoke 0.88 331 0 938 450
