smoke 7 2 957 484
fire 922 228 958 424
fire 873 112 944 244
fire 830 353 908 424
fire 775 193 836 327
fire 845 192 856 211
fire 695 188 717 239
fire 688 362 729 401
fire 699 276 743 358
fire 650 249 688 339
fire 539 157 632 226
fire 508 300 648 392
fire 316 132 423 245
fire 436 186 518 426
fire 337 281 431 371
fire 0 309 14 330
fire 19 398 34 412
fire 77 396 102 429
fire 56 257 106 353
fire 55 158 127 269
fire 113 266 183 326
fire 138 387 167 409
fire 187 265 232 315
fire 209 332 304 394
fire 252 241 294 301
fire 168 157 198 184
fire 194 112 207 122
