smoke 1 0 929 453
fire 886 265 952 323
fire 854 120 928 255
fire 928 197 957 228
fire 871 364 886 382
fire 820 370 853 389
fire 756 195 814 277
fire 783 292 790 304
fire 826 201 835 212
fire 676 185 697 239
fire 508 166 608 286
fire 486 303 580 412
fire 440 392 474 417
fire 364 158 502 346
fire 291 145 358 211
fire 322 275 358 363
fire 222 338 291 386
fire 188 364 208 392
fire 188 337 201 357
fire 218 235 260 302
fire 38 413 51 426
fire 16 263 75 372
fire 69 243 98 268
fire 29 171 103 249
fire 82 254 157 319
fire 156 248 202 312
