smoke 0 0 939 458
fire 45 155 129 255
fire 52 262 86 302
fire 0 296 5 306
fire 12 383 21 397
fire 62 373 80 411
fire 51 327 66 336
fire 38 346 47 351
fire 93 303 101 310
fire 134 372 162 394
fire 107 246 221 307
fire 167 333 173 337
fire 207 320 229 373
fire 243 300 312 374
fire 247 218 287 284
fire 263 112 268 116
fire 162 98 209 158
fire 287 118 417 227
fire 338 260 420 367
fire 415 149 507 448
fire 503 285 649 375
fire 531 125 635 210
fire 726 428 739 438
fire 689 348 726 373
fire 710 295 736 333
fire 706 255 725 283
fire 659 238 692 285
fire 682 175 712 226
fire 767 172 820 215
fire 868 98 933 226
fire 934 169 958 212
